Rho	T	coordinate	section	type	//
1.080000E-10	6.554900E+03	0.000000E+00	1.000000E+00	0.000000E+00
1.010134E-10	6.641712E+03	5.000000E+04	1.000000E+00	0.000000E+00
9.446300E-11	6.729700E+03	1.000000E+05	1.000000E+00	0.000000E+00
8.836594E-11	6.818862E+03	1.500000E+05	1.000000E+00	0.000000E+00
8.267100E-11	6.909200E+03	2.000000E+05	1.000000E+00	0.000000E+00
7.733836E-11	7.000700E+03	2.500000E+05	1.000000E+00	0.000000E+00
7.235090E-11	7.093400E+03	3.000000E+05	1.000000E+00	0.000000E+00
6.768469E-11	7.187325E+03	3.500000E+05	1.000000E+00	0.000000E+00
6.332040E-11	7.282500E+03	4.000000E+05	1.000000E+00	0.000000E+00
5.923586E-11	7.378956E+03	4.500000E+05	1.000000E+00	0.000000E+00
5.541560E-11	7.476700E+03	5.000000E+05	1.000000E+00	0.000000E+00
5.184182E-11	7.575744E+03	5.500000E+05	1.000000E+00	0.000000E+00
4.849930E-11	7.676100E+03	6.000000E+05	1.000000E+00	0.000000E+00
4.537071E-11	7.777781E+03	6.500000E+05	1.000000E+00	0.000000E+00
4.244450E-11	7.880800E+03	7.000000E+05	1.000000E+00	0.000000E+00
3.970736E-11	7.985156E+03	7.500000E+05	1.000000E+00	0.000000E+00
3.714730E-11	8.090900E+03	8.000000E+05	1.000000E+00	0.000000E+00
3.475074E-11	8.198088E+03	8.500000E+05	1.000000E+00	0.000000E+00
3.250910E-11	8.306700E+03	9.000000E+05	1.000000E+00	0.000000E+00
3.041225E-11	8.416725E+03	9.500000E+05	1.000000E+00	0.000000E+00
2.845130E-11	8.528200E+03	1.000000E+06	1.000000E+00	0.000000E+00
2.661642E-11	8.641156E+03	1.050000E+06	1.000000E+00	0.000000E+00
2.490030E-11	8.755600E+03	1.100000E+06	1.000000E+00	0.000000E+00
2.329460E-11	8.871531E+03	1.150000E+06	1.000000E+00	0.000000E+00
2.179260E-11	8.989000E+03	1.200000E+06	1.000000E+00	0.000000E+00
2.038643E-11	9.108056E+03	1.250000E+06	1.000000E+00	0.000000E+00
1.907120E-11	9.228700E+03	1.300000E+06	1.000000E+00	0.000000E+00
1.784129E-11	9.350938E+03	1.350000E+06	1.000000E+00	0.000000E+00
1.669110E-11	9.474800E+03	1.400000E+06	1.000000E+00	0.000000E+00
1.561450E-11	9.600325E+03	1.450000E+06	1.000000E+00	0.000000E+00
1.460750E-11	9.727500E+03	1.500000E+06	1.000000E+00	0.000000E+00
1.366537E-11	9.856306E+03	1.550000E+06	1.000000E+00	0.000000E+00
1.278420E-11	9.986800E+03	1.600000E+06	1.000000E+00	0.000000E+00
1.195958E-11	1.011898E+04	1.650000E+06	1.000000E+00	0.000000E+00
1.118830E-11	1.025300E+04	1.700000E+06	1.000000E+00	0.000000E+00
1.046664E-11	1.038914E+04	1.750000E+06	1.000000E+00	0.000000E+00
9.791700E-12	1.052700E+04	1.800000E+06	1.000000E+00	0.000000E+00
9.160181E-12	1.066613E+04	1.850000E+06	1.000000E+00	0.000000E+00
8.569510E-12	1.080700E+04	1.900000E+06	1.000000E+00	0.000000E+00
8.016522E-12	1.095000E+04	1.950000E+06	1.000000E+00	0.000000E+00
7.499700E-12	1.109500E+04	2.000000E+06	1.000000E+00	0.000000E+00
7.016150E-12	1.124200E+04	2.050000E+06	1.000000E+00	0.000000E+00
6.551830E-12	1.292100E+04	2.100000E+06	1.000000E+00	0.000000E+00
5.528180E-12	8.953600E+04	2.150000E+06	1.000000E+00	0.000000E+00
4.446330E-12	1.672300E+05	2.200000E+06	1.000000E+00	0.000000E+00
2.893130E-12	2.530400E+05	2.250000E+06	1.000000E+00	0.000000E+00
2.555930E-12	2.992400E+05	2.300000E+06	1.000000E+00	0.000000E+00
2.218570E-12	3.454400E+05	2.350000E+06	1.000000E+00	0.000000E+00
1.881200E-12	3.916400E+05	2.400000E+06	1.000000E+00	0.000000E+00
1.772108E-12	4.120921E+05	2.450000E+06	1.000000E+00	0.000000E+00
1.760600E-12	4.215400E+05	2.500000E+06	1.000000E+00	0.000000E+00
1.718608E-12	4.344338E+05	2.550000E+06	1.000000E+00	0.000000E+00
1.681820E-12	4.467400E+05	2.600000E+06	1.000000E+00	0.000000E+00
1.642347E-12	4.593400E+05	2.650000E+06	1.000000E+00	0.000000E+00
1.602860E-12	4.719400E+05	2.700000E+06	1.000000E+00	0.000000E+00
1.563410E-12	4.845400E+05	2.750000E+06	1.000000E+00	0.000000E+00
1.523976E-12	4.971400E+05	2.800000E+06	1.000000E+00	0.000000E+00
1.484540E-12	5.097400E+05	2.850000E+06	1.000000E+00	0.000000E+00
1.445097E-12	5.223398E+05	2.900000E+06	1.000000E+00	0.000000E+00
1.405651E-12	5.349396E+05	2.950000E+06	1.000000E+00	0.000000E+00
1.366205E-12	5.475395E+05	3.000000E+06	1.000000E+00	0.000000E+00
1.326760E-12	5.601400E+05	3.050000E+06	1.000000E+00	0.000000E+00
1.285264E-12	5.732446E+05	3.100000E+06	1.000000E+00	0.000000E+00
1.241715E-12	5.868531E+05	3.150000E+06	1.000000E+00	0.000000E+00
1.199194E-12	6.002103E+05	3.200000E+06	1.000000E+00	0.000000E+00
1.160776E-12	6.125610E+05	3.250000E+06	1.000000E+00	0.000000E+00
1.129540E-12	6.231500E+05	3.300000E+06	1.000000E+00	0.000000E+00
1.107431E-12	6.315004E+05	3.350000E+06	1.000000E+00	0.000000E+00
1.092784E-12	6.380202E+05	3.400000E+06	1.000000E+00	0.000000E+00
1.083268E-12	6.432817E+05	3.450000E+06	1.000000E+00	0.000000E+00
1.076549E-12	6.478573E+05	3.500000E+06	1.000000E+00	0.000000E+00
1.070294E-12	6.523193E+05	3.550000E+06	1.000000E+00	0.000000E+00
1.062170E-12	6.572400E+05	3.600000E+06	1.000000E+00	0.000000E+00
1.052769E-12	6.624743E+05	3.650000E+06	1.000000E+00	0.000000E+00
1.044123E-12	6.675240E+05	3.700000E+06	1.000000E+00	0.000000E+00
1.036057E-12	6.724318E+05	3.750000E+06	1.000000E+00	0.000000E+00
1.028397E-12	6.772401E+05	3.800000E+06	1.000000E+00	0.000000E+00
1.020969E-12	6.819915E+05	3.850000E+06	1.000000E+00	0.000000E+00
1.013599E-12	6.867286E+05	3.900000E+06	1.000000E+00	0.000000E+00
1.006114E-12	6.914939E+05	3.950000E+06	1.000000E+00	0.000000E+00
9.983380E-13	6.963300E+05	4.000000E+06	1.000000E+00	0.000000E+00
9.903124E-13	7.012363E+05	4.050000E+06	1.000000E+00	0.000000E+00
9.822139E-13	7.061746E+05	4.100000E+06	1.000000E+00	0.000000E+00
9.740739E-13	7.111311E+05	4.150000E+06	1.000000E+00	0.000000E+00
9.659234E-13	7.160921E+05	4.200000E+06	1.000000E+00	0.000000E+00
9.577939E-13	7.210437E+05	4.250000E+06	1.000000E+00	0.000000E+00
9.497165E-13	7.259723E+05	4.300000E+06	1.000000E+00	0.000000E+00
9.417226E-13	7.308639E+05	4.350000E+06	1.000000E+00	0.000000E+00
9.338434E-13	7.357050E+05	4.400000E+06	1.000000E+00	0.000000E+00
9.261101E-13	7.404816E+05	4.450000E+06	1.000000E+00	0.000000E+00
9.185540E-13	7.451800E+05	4.500000E+06	1.000000E+00	0.000000E+00
9.110710E-13	7.498463E+05	4.550000E+06	1.000000E+00	0.000000E+00
9.035623E-13	7.545241E+05	4.600000E+06	1.000000E+00	0.000000E+00
8.960668E-13	7.591962E+05	4.650000E+06	1.000000E+00	0.000000E+00
8.886235E-13	7.638453E+05	4.700000E+06	1.000000E+00	0.000000E+00
8.812715E-13	7.684541E+05	4.750000E+06	1.000000E+00	0.000000E+00
8.740498E-13	7.730053E+05	4.800000E+06	1.000000E+00	0.000000E+00
8.669973E-13	7.774817E+05	4.850000E+06	1.000000E+00	0.000000E+00
8.601532E-13	7.818659E+05	4.900000E+06	1.000000E+00	0.000000E+00
8.535564E-13	7.861407E+05	4.950000E+06	1.000000E+00	0.000000E+00
8.472460E-13	7.902888E+05	5.000000E+06	1.000000E+00	0.000000E+00
8.412609E-13	7.942929E+05	5.050000E+06	1.000000E+00	0.000000E+00
8.356403E-13	7.981357E+05	5.100000E+06	1.000000E+00	0.000000E+00
8.304230E-13	8.018000E+05	5.150000E+06	1.000000E+00	0.000000E+00
8.256913E-13	8.052518E+05	5.200000E+06	1.000000E+00	0.000000E+00
8.214676E-13	8.084831E+05	5.250000E+06	1.000000E+00	0.000000E+00
8.177017E-13	8.115153E+05	5.300000E+06	1.000000E+00	0.000000E+00
8.143434E-13	8.143695E+05	5.350000E+06	1.000000E+00	0.000000E+00
8.113422E-13	8.170672E+05	5.400000E+06	1.000000E+00	0.000000E+00
8.086479E-13	8.196298E+05	5.450000E+06	1.000000E+00	0.000000E+00
8.062101E-13	8.220785E+05	5.500000E+06	1.000000E+00	0.000000E+00
8.039787E-13	8.244348E+05	5.550000E+06	1.000000E+00	0.000000E+00
8.019032E-13	8.267198E+05	5.600000E+06	1.000000E+00	0.000000E+00
7.999334E-13	8.289551E+05	5.650000E+06	1.000000E+00	0.000000E+00
7.980189E-13	8.311619E+05	5.700000E+06	1.000000E+00	0.000000E+00
7.961095E-13	8.333616E+05	5.750000E+06	1.000000E+00	0.000000E+00
7.941549E-13	8.355755E+05	5.800000E+06	1.000000E+00	0.000000E+00
7.921048E-13	8.378249E+05	5.850000E+06	1.000000E+00	0.000000E+00
7.899087E-13	8.401313E+05	5.900000E+06	1.000000E+00	0.000000E+00
7.875166E-13	8.425158E+05	5.950000E+06	1.000000E+00	0.000000E+00
7.848780E-13	8.450000E+05	6.000000E+06	1.000000E+00	0.000000E+00
7.820799E-13	8.475410E+05	6.050000E+06	1.000000E+00	0.000000E+00
7.792454E-13	8.500821E+05	6.100000E+06	1.000000E+00	0.000000E+00
7.763784E-13	8.526230E+05	6.150000E+06	1.000000E+00	0.000000E+00
7.734829E-13	8.551640E+05	6.200000E+06	1.000000E+00	0.000000E+00
7.705626E-13	8.577049E+05	6.250000E+06	1.000000E+00	0.000000E+00
7.676215E-13	8.602458E+05	6.300000E+06	1.000000E+00	0.000000E+00
7.646635E-13	8.627867E+05	6.350000E+06	1.000000E+00	0.000000E+00
7.616925E-13	8.653276E+05	6.400000E+06	1.000000E+00	0.000000E+00
7.587124E-13	8.678685E+05	6.450000E+06	1.000000E+00	0.000000E+00
7.557271E-13	8.704093E+05	6.500000E+06	1.000000E+00	0.000000E+00
7.527405E-13	8.729502E+05	6.550000E+06	1.000000E+00	0.000000E+00
7.497565E-13	8.754910E+05	6.600000E+06	1.000000E+00	0.000000E+00
7.467790E-13	8.780319E+05	6.650000E+06	1.000000E+00	0.000000E+00
7.438119E-13	8.805727E+05	6.700000E+06	1.000000E+00	0.000000E+00
7.408590E-13	8.831136E+05	6.750000E+06	1.000000E+00	0.000000E+00
7.379244E-13	8.856544E+05	6.800000E+06	1.000000E+00	0.000000E+00
7.350119E-13	8.881953E+05	6.850000E+06	1.000000E+00	0.000000E+00
7.321253E-13	8.907362E+05	6.900000E+06	1.000000E+00	0.000000E+00
7.292686E-13	8.932771E+05	6.950000E+06	1.000000E+00	0.000000E+00
7.264458E-13	8.958181E+05	7.000000E+06	1.000000E+00	0.000000E+00
7.236606E-13	8.983590E+05	7.050000E+06	1.000000E+00	0.000000E+00
7.209170E-13	9.009000E+05	7.100000E+06	1.000000E+00	0.000000E+00
7.181955E-13	9.034586E+05	7.150000E+06	1.000000E+00	0.000000E+00
7.154754E-13	9.060498E+05	7.200000E+06	1.000000E+00	0.000000E+00
7.127586E-13	9.086694E+05	7.250000E+06	1.000000E+00	0.000000E+00
7.100470E-13	9.113135E+05	7.300000E+06	1.000000E+00	0.000000E+00
7.073426E-13	9.139778E+05	7.350000E+06	1.000000E+00	0.000000E+00
7.046473E-13	9.166585E+05	7.400000E+06	1.000000E+00	0.000000E+00
7.019631E-13	9.193513E+05	7.450000E+06	1.000000E+00	0.000000E+00
6.992919E-13	9.220523E+05	7.500000E+06	1.000000E+00	0.000000E+00
6.966356E-13	9.247574E+05	7.550000E+06	1.000000E+00	0.000000E+00
6.939963E-13	9.274625E+05	7.600000E+06	1.000000E+00	0.000000E+00
6.913757E-13	9.301635E+05	7.650000E+06	1.000000E+00	0.000000E+00
6.887760E-13	9.328564E+05	7.700000E+06	1.000000E+00	0.000000E+00
6.861989E-13	9.355371E+05	7.750000E+06	1.000000E+00	0.000000E+00
6.836466E-13	9.382016E+05	7.800000E+06	1.000000E+00	0.000000E+00
6.811208E-13	9.408457E+05	7.850000E+06	1.000000E+00	0.000000E+00
6.786236E-13	9.434654E+05	7.900000E+06	1.000000E+00	0.000000E+00
6.761569E-13	9.460567E+05	7.950000E+06	1.000000E+00	0.000000E+00
6.737226E-13	9.486155E+05	8.000000E+06	1.000000E+00	0.000000E+00
6.713226E-13	9.511377E+05	8.050000E+06	1.000000E+00	0.000000E+00
6.689591E-13	9.536192E+05	8.100000E+06	1.000000E+00	0.000000E+00
6.666337E-13	9.560560E+05	8.150000E+06	1.000000E+00	0.000000E+00
6.643486E-13	9.584440E+05	8.200000E+06	1.000000E+00	0.000000E+00
6.621056E-13	9.607792E+05	8.250000E+06	1.000000E+00	0.000000E+00
6.599067E-13	9.630574E+05	8.300000E+06	1.000000E+00	0.000000E+00
6.577539E-13	9.652747E+05	8.350000E+06	1.000000E+00	0.000000E+00
6.556490E-13	9.674269E+05	8.400000E+06	1.000000E+00	0.000000E+00
6.535940E-13	9.695100E+05	8.450000E+06	1.000000E+00	0.000000E+00
6.515909E-13	9.715280E+05	8.500000E+06	1.000000E+00	0.000000E+00
6.496394E-13	9.734889E+05	8.550000E+06	1.000000E+00	0.000000E+00
6.477378E-13	9.753946E+05	8.600000E+06	1.000000E+00	0.000000E+00
6.458846E-13	9.772469E+05	8.650000E+06	1.000000E+00	0.000000E+00
6.440783E-13	9.790476E+05	8.700000E+06	1.000000E+00	0.000000E+00
6.423173E-13	9.807988E+05	8.750000E+06	1.000000E+00	0.000000E+00
6.406000E-13	9.825021E+05	8.800000E+06	1.000000E+00	0.000000E+00
6.389248E-13	9.841596E+05	8.850000E+06	1.000000E+00	0.000000E+00
6.372903E-13	9.857730E+05	8.900000E+06	1.000000E+00	0.000000E+00
6.356949E-13	9.873442E+05	8.950000E+06	1.000000E+00	0.000000E+00
6.341369E-13	9.888751E+05	9.000000E+06	1.000000E+00	0.000000E+00
6.326149E-13	9.903675E+05	9.050000E+06	1.000000E+00	0.000000E+00
6.311272E-13	9.918234E+05	9.100000E+06	1.000000E+00	0.000000E+00
6.296724E-13	9.932445E+05	9.150000E+06	1.000000E+00	0.000000E+00
6.282488E-13	9.946328E+05	9.200000E+06	1.000000E+00	0.000000E+00
6.268549E-13	9.959901E+05	9.250000E+06	1.000000E+00	0.000000E+00
6.254892E-13	9.973182E+05	9.300000E+06	1.000000E+00	0.000000E+00
6.241500E-13	9.986191E+05	9.350000E+06	1.000000E+00	0.000000E+00
6.228359E-13	9.998946E+05	9.400000E+06	1.000000E+00	0.000000E+00
6.215452E-13	1.001147E+06	9.450000E+06	1.000000E+00	0.000000E+00
6.202764E-13	1.002377E+06	9.500000E+06	1.000000E+00	0.000000E+00
6.190280E-13	1.003587E+06	9.550000E+06	1.000000E+00	0.000000E+00
6.177984E-13	1.004780E+06	9.600000E+06	1.000000E+00	0.000000E+00
6.165859E-13	1.005956E+06	9.650000E+06	1.000000E+00	0.000000E+00
6.153892E-13	1.007119E+06	9.700000E+06	1.000000E+00	0.000000E+00
6.142065E-13	1.008269E+06	9.750000E+06	1.000000E+00	0.000000E+00
6.130365E-13	1.009408E+06	9.800000E+06	1.000000E+00	0.000000E+00
6.118773E-13	1.010539E+06	9.850000E+06	1.000000E+00	0.000000E+00
6.107277E-13	1.011663E+06	9.900000E+06	1.000000E+00	0.000000E+00
6.095859E-13	1.012782E+06	9.950000E+06	1.000000E+00	0.000000E+00
6.084504E-13	1.013899E+06	1.000000E+07	1.000000E+00	0.000000E+00
6.073196E-13	1.015014E+06	1.005000E+07	1.000000E+00	0.000000E+00
6.061921E-13	1.016130E+06	1.010000E+07	1.000000E+00	0.000000E+00
6.050662E-13	1.017248E+06	1.015000E+07	1.000000E+00	0.000000E+00
6.039403E-13	1.018371E+06	1.020000E+07	1.000000E+00	0.000000E+00
6.028130E-13	1.019500E+06	1.025000E+07	1.000000E+00	0.000000E+00
6.016922E-13	1.020626E+06	1.030000E+07	1.000000E+00	0.000000E+00
6.005872E-13	1.021737E+06	1.035000E+07	1.000000E+00	0.000000E+00
5.994977E-13	1.022835E+06	1.040000E+07	1.000000E+00	0.000000E+00
5.984240E-13	1.023918E+06	1.045000E+07	1.000000E+00	0.000000E+00
5.973659E-13	1.024987E+06	1.050000E+07	1.000000E+00	0.000000E+00
5.963235E-13	1.026042E+06	1.055000E+07	1.000000E+00	0.000000E+00
5.952967E-13	1.027083E+06	1.060000E+07	1.000000E+00	0.000000E+00
5.942856E-13	1.028109E+06	1.065000E+07	1.000000E+00	0.000000E+00
5.932902E-13	1.029121E+06	1.070000E+07	1.000000E+00	0.000000E+00
5.923105E-13	1.030119E+06	1.075000E+07	1.000000E+00	0.000000E+00
5.913464E-13	1.031103E+06	1.080000E+07	1.000000E+00	0.000000E+00
5.903980E-13	1.032072E+06	1.085000E+07	1.000000E+00	0.000000E+00
5.894652E-13	1.033028E+06	1.090000E+07	1.000000E+00	0.000000E+00
5.885481E-13	1.033969E+06	1.095000E+07	1.000000E+00	0.000000E+00
5.876467E-13	1.034896E+06	1.100000E+07	1.000000E+00	0.000000E+00
5.867609E-13	1.035809E+06	1.105000E+07	1.000000E+00	0.000000E+00
5.858909E-13	1.036707E+06	1.110000E+07	1.000000E+00	0.000000E+00
5.850364E-13	1.037592E+06	1.115000E+07	1.000000E+00	0.000000E+00
5.841977E-13	1.038462E+06	1.120000E+07	1.000000E+00	0.000000E+00
5.833746E-13	1.039318E+06	1.125000E+07	1.000000E+00	0.000000E+00
5.825672E-13	1.040160E+06	1.130000E+07	1.000000E+00	0.000000E+00
5.817754E-13	1.040987E+06	1.135000E+07	1.000000E+00	0.000000E+00
5.809993E-13	1.041800E+06	1.140000E+07	1.000000E+00	0.000000E+00
5.802389E-13	1.042600E+06	1.145000E+07	1.000000E+00	0.000000E+00
5.794941E-13	1.043384E+06	1.150000E+07	1.000000E+00	0.000000E+00
5.787651E-13	1.044155E+06	1.155000E+07	1.000000E+00	0.000000E+00
5.780516E-13	1.044912E+06	1.160000E+07	1.000000E+00	0.000000E+00
5.773539E-13	1.045654E+06	1.165000E+07	1.000000E+00	0.000000E+00
5.766718E-13	1.046382E+06	1.170000E+07	1.000000E+00	0.000000E+00
5.760054E-13	1.047096E+06	1.175000E+07	1.000000E+00	0.000000E+00
5.753546E-13	1.047796E+06	1.180000E+07	1.000000E+00	0.000000E+00
5.747195E-13	1.048481E+06	1.185000E+07	1.000000E+00	0.000000E+00
5.741001E-13	1.049152E+06	1.190000E+07	1.000000E+00	0.000000E+00
5.734963E-13	1.049810E+06	1.195000E+07	1.000000E+00	0.000000E+00
5.729082E-13	1.050452E+06	1.200000E+07	1.000000E+00	0.000000E+00
5.723358E-13	1.051081E+06	1.205000E+07	1.000000E+00	0.000000E+00
5.717791E-13	1.051696E+06	1.210000E+07	1.000000E+00	0.000000E+00
5.712380E-13	1.052296E+06	1.215000E+07	1.000000E+00	0.000000E+00
5.707125E-13	1.052882E+06	1.220000E+07	1.000000E+00	0.000000E+00
5.702028E-13	1.053454E+06	1.225000E+07	1.000000E+00	0.000000E+00
5.697087E-13	1.054011E+06	1.230000E+07	1.000000E+00	0.000000E+00
5.692303E-13	1.054555E+06	1.235000E+07	1.000000E+00	0.000000E+00
5.687675E-13	1.055084E+06	1.240000E+07	1.000000E+00	0.000000E+00
5.683204E-13	1.055599E+06	1.245000E+07	1.000000E+00	0.000000E+00
5.678890E-13	1.056100E+06	1.250000E+07	1.000000E+00	0.000000E+00